0.5108622857696807 0.15776850632129236 0.3986958214909869 0.24863921571294875 0.0 
0.0 0.19286950612328407 0.0 0.3967136850023889 0.0 
0.3088194734804399 0.0 0.0 0.0 0.0 
-0.421875 0.0 0.0 0.013159966865351145 0.0 
0.5794487311397681 0.03483774976169136 0.4507666651953298 0.0831996438729182 0.0 
0.0 0.0 0.0 0.0 0.0 
-0.33360620417222003 -0.6328125 0.15057621268468374 0.3866476912511212 0.0 
0.0 0.0 0.0 0.0 -0.9921875 
0.5356858144113875 0.6577283178192574 0.3776664120426477 0.4423106270640424 0.0 
0.3955142769452359 0.6642440369479096 0.49502937864790314 0.41277666454360196 0.0 
0.09540463839297227 0.711378396622064 0.24768848214524286 0.043404609375 0.0 
0.0 0.0 0.0 0.0 1.0 
