0.4720594176821499 0.16645664430293927 0.2289900986506127 0.2637435727830092 0.0 
0.16422801299305975 0.17401533157268984 0.1532398416412875 0.2811749869729885 0.0 
0.0 0.0 0.0 0.2568267267423896 0.0 
-0.39375 0.0 0.0 0.0 0.0 
0.5727255012802417 0.25276748926023385 0.028727569160156254 0.27815905073831554 0.0 
0.0 0.0 0.0 0.0 0.0 
-0.3375 -0.225 -0.30357078287230693 0.36640709896694734 0.0 
0.0 0.0 0.0 0.0 -0.96875 
0.32662833598286406 0.6814579250520203 0.32175162277883584 0.32035647080510593 0.0 
0.14925939182014833 0.7735286127091421 0.27790988045444653 0.2216568616698497 0.0 
0.2854024599134569 0.6210857867394655 0.08916269466525129 0.28037770581592336 0.0 
0.0 0.0 0.0 0.0 1.0 
